Mean Noise Amplitude <length scales>
-----------ALL SAMPLES-------------
0.0166713247941 3.20419394347e-10 0.0383698064763 1.99109263729 1.93672939582 
0.0166713245979 3.46577687502e-10 0.0383698067609 1.9623394866 1.94105823878 
0.0166713239981 1.8804382078e-10 0.0383698070461 1.95953200478 1.98707529376 
0.0166713240785 1.8905201554e-11 0.0383698070196 1.99897356534 1.93167176968 
0.0166713240597 2.42913438984e-10 0.0383698071168 1.96329341515 1.93727720781 
0.0166713240656 3.63405567134e-10 0.0383698069102 1.9161949163 1.94468622021 
0.0166713240505 2.12853574971e-10 0.0383698068994 1.93481527038 1.99169623102 
0.0166713239111 2.73899347833e-10 0.0383698068663 1.97171750071 1.96368162494 
0.0166713239639 1.97045459867e-10 0.0383698067772 1.9724231911 1.98062856522 
0.0166713239641 1.96888693566e-10 0.0383698067778 1.99690299438 1.9764875197 
-----------MEAN OF SAMPLES-------------
0.0166713241484 2.36095218654e-10 0.0383698068651 1.9667284982 1.95909920669 
