Mean Noise Amplitude <length scales>
-----------ALL SAMPLES-------------
0.0154373016629 2.40535313742e-09 0.0228438966392 1.80330859766 1.9574251247 
0.0154373036752 3.13894561469e-10 0.0228438988645 1.94663705455 1.91973786117 
0.0154372821131 2.14795472279e-09 0.0228438947555 1.95644011595 1.92752716379 
0.0154372818271 1.92977024146e-09 0.0228438948008 1.95189217992 1.78336863631 
0.015437283036 2.01407703652e-10 0.0228438972915 1.88346367415 1.70629828199 
0.0154372787454 2.03837741684e-09 0.0228438936713 1.98384559425 1.94298488155 
0.0154372798499 4.20719767217e-10 0.0228438892645 1.8951179194 1.98034056813 
0.0154372808774 7.50042893206e-10 0.0228438898545 1.9091824385 1.90865603444 
0.0154372799342 4.86064057022e-09 0.0228438849218 1.91666930226 1.82175327532 
0.0154372803473 2.95032883733e-09 0.0228438850916 1.77224310379 1.70225430512 
-----------MEAN OF SAMPLES-------------
0.0154372852069 1.80184898516e-09 0.0228438925155 1.90187999804 1.86503461325 
