Mean Noise Amplitude <length scales>
-----------ALL SAMPLES-------------
0.0199937834792 1.593637411e-09 0.0329041398594 1.98577600424 1.99397588477 
0.0199937789988 6.94083131107e-10 0.0329041344889 1.98916392661 1.98239029942 
0.0199937791434 9.47072984309e-10 0.0329041343522 1.99915641762 1.98212618361 
0.0199937793088 3.86242185298e-10 0.0329041341571 1.99489926594 1.96528752489 
0.0199937792332 1.02257973054e-10 0.0329041344419 1.99884775731 1.91957907765 
0.019993759563 1.47507427516e-09 0.0329041269977 1.99697797446 1.91694974128 
0.0199937624634 3.98684653212e-10 0.0329041294499 1.94303934254 1.98599552664 
0.0199937625741 1.62785177861e-10 0.0329041295929 1.98397725298 1.96790652786 
0.0199937636092 1.10925576723e-09 0.032904128676 1.97887786962 1.97067083538 
0.0199937620654 7.9877750258e-10 0.0329041302975 1.99053598411 1.99563993384 
-----------MEAN OF SAMPLES-------------
0.0199937710438 7.66787106082e-10 0.0329041322314 1.98612517954 1.96805215353 
