Mean Noise Amplitude <length scales>
-----------ALL SAMPLES-------------
0.0193888975986 5.92971954194e-06 0.181611862229 1.92323805916 1.92304249333 1.97340855804 1.94658219287 1.85990592968 1.9707356004 
0.019389673675 5.72054756909e-06 0.181612202133 1.95109602423 1.95709858276 1.99746617733 1.9287187975 1.94604338887 1.96117741165 
0.0193890119918 4.46863831442e-06 0.181612897516 1.93596246902 1.9621959509 1.98530570482 1.89715027918 1.92008944312 1.97478955263 
0.0193888269551 5.22007956846e-06 0.18161290679 1.89310616457 1.96741406834 1.95743954094 1.89202788774 1.87818137781 1.98522880418 
0.0193871188585 3.81484003883e-06 0.181615464346 1.95917427431 1.92622472686 1.96650588036 1.99203094747 1.83040702117 1.90783232666 
0.0193870582214 6.62165973774e-06 0.181614766078 1.94398571834 1.9712357133 1.9601176024 1.96189655645 1.88899318452 1.99308795111 
0.0193819866828 3.69216779086e-07 0.181631501625 1.95419863416 1.99887783329 1.95463079478 1.91765939614 1.92353963849 1.99496218439 
0.0193782605482 1.02415427648e-05 0.18163145312 1.8984132611 1.98726384436 1.89773776712 1.88302466126 1.87650592081 1.93988048412 
0.0193708340653 1.53332779335e-05 0.181606094845 1.88730761985 1.9684260482 1.98725444118 1.96824726495 1.84355935717 1.91807968282 
0.019367520827 1.42944527319e-05 0.1816045563 1.85347960021 1.9655267318 1.93298011315 1.98091087225 1.81900816694 1.94675820087 
-----------MEAN OF SAMPLES-------------
0.0193829189424 7.20139749798e-06 0.181615370498 1.9199961825 1.96273059931 1.96128465801 1.93682488558 1.87862334286 1.95925321988 
