Mean Noise Amplitude <length scales>
-----------ALL SAMPLES-------------
0.339998527473 5.89781014723e-07 0.000162325443914 1.19511145297 1.90859562357 0.528929962103 1.96682849005 1.9379658749 0.612033422311 
0.339999064017 1.64756280564e-06 0.000162622197139 1.21947335834 1.88185152002 1.6802370979 1.99724346191 1.80200654778 0.36163698912 
0.339999614791 9.83300434987e-07 0.000163055817796 1.2446641417 1.87159921212 1.9492124331 1.97943478585 1.13836534646 0.411290960752 
0.339999796097 1.38742839868e-06 0.000163140605932 1.58972532793 1.90505859675 1.94668312967 1.82208416771 1.32424147907 0.511194528229 
0.34000000558 8.4203425669e-07 0.000162580698916 1.92197271424 1.75051721925 1.22361162733 1.62819260669 1.79262851798 0.462791080903 
0.340000454403 1.06837450458e-06 0.000164016759188 1.88823543193 1.64777496073 1.47340094499 1.36692627443 1.79574776129 0.445512301875 
0.340000588143 1.29059796904e-06 0.000163691628167 1.95560295113 1.59071291268 0.488846648607 1.42175516833 1.98992851338 0.600619511404 
0.34000058187 1.20281949669e-06 0.000163300342267 1.94212816371 1.58623599945 0.370844155747 1.4384947179 1.7997970904 0.605782418242 
0.33999962633 8.23057159186e-07 0.000163675444289 1.8741951796 1.74718945616 1.93326071694 1.42830376746 1.99245166084 0.600471500975 
0.339974946351 3.0809486209e-06 0.000159577324238 1.91140535724 1.93505833192 1.78793471197 1.5566737855 1.80613975816 0.915893924062 
-----------MEAN OF SAMPLES-------------
0.339997320505 1.29159046611e-06 0.000162798626185 1.67425140788 1.78245938327 1.33829614284 1.66059372258 1.73792725503 0.552722663787 
