Mean Noise Amplitude <length scales>
-----------ALL SAMPLES-------------
0.331512948797 2.90029046736e-06 0.0839624313231 1.85515668094 1.21343818852 
0.331513066522 2.7548291736e-06 0.0839626304602 1.53178517457 1.18226946472 
0.331513832194 2.18089178558e-06 0.0839628840609 1.68898763007 1.18636453648 
0.331514058913 2.53338669103e-06 0.0839632785813 1.72443906481 1.29064359204 
0.331513478407 2.67419140206e-06 0.0839631388912 1.81242159905 1.08653068059 
0.331514309302 2.49083998043e-06 0.0839635410562 1.84077240032 1.20149902144 
0.331505139865 4.39690283835e-06 0.0839690698846 1.87041292546 1.15191498694 
0.331506375627 1.9266725151e-06 0.0839690817881 1.85275156233 1.15659589976 
0.331506534954 3.63037596693e-06 0.0839674678487 1.86148483172 0.999259487111 
0.331506511096 3.08957327038e-06 0.0839806360315 1.93006057248 1.27461221122 
-----------MEAN OF SAMPLES-------------
0.331510625568 2.85779540908e-06 0.0839664159926 1.79682724417 1.17431280688 
