Mean Noise Amplitude <length scales>
-----------ALL SAMPLES-------------
0.359806362238 4.23189499877e-06 0.0305602382826 1.56156626947 0.586487479579 
0.359806279943 4.44453647418e-06 0.0305603127497 1.40163381975 0.714268536773 
0.359806091502 5.37216473288e-06 0.0305603730022 1.58536561939 0.722892456925 
0.35980362743 2.86669233683e-06 0.0305608568543 1.58459911337 0.680492118146 
0.359804157536 3.29144542165e-06 0.0305605921142 1.55716751532 0.607695904552 
0.359803554782 3.73107581922e-06 0.0305611641107 1.59325015475 0.606861432764 
0.359803501699 3.65805996046e-06 0.0305611407011 1.54089679597 0.610264511769 
0.359803732047 3.79634814355e-06 0.0305617664913 1.67777801813 0.674025327088 
0.359803690773 3.84335861557e-06 0.0305616162669 1.59087815557 0.593505812095 
0.359803201862 3.38065292751e-06 0.0305614907873 1.66529271014 0.646694828875 
-----------MEAN OF SAMPLES-------------
0.359804419981 3.86162294306e-06 0.030560955136 1.57584281719 0.644318840856 
