Mean Noise Amplitude <length scales>
-----------ALL SAMPLES-------------
0.312868370261 7.55852382261e-08 0.00392291300974 0.686040957337 1.67855831875 
0.312868373481 7.71822826189e-08 0.00392292045947 0.969332761919 1.97953546559 
0.31286836365 3.92823406678e-08 0.00392297180143 0.822899667738 1.62011258968 
0.312868329668 9.54703400319e-08 0.00392302960653 0.777759646502 1.32474993717 
0.312868312918 9.16833094451e-08 0.00392300193259 0.940200483548 1.58446538763 
0.312868310291 8.56289311991e-08 0.00392300113728 0.928606168291 1.77520431342 
0.312868231497 5.25978565329e-08 0.00392319064518 0.783329540696 1.54013511483 
0.312868351557 3.04522997148e-08 0.00392319502738 0.935419777592 1.75962004004 
0.312868488318 6.39590039788e-08 0.00392330460099 0.736219370565 1.60387670858 
0.312868482785 5.80263609456e-08 0.00392333631511 0.842773688113 1.648049285 
-----------MEAN OF SAMPLES-------------
0.312868361442 6.69867963361e-08 0.00392308645357 0.84225820623 1.65143071607 
